x = 1:1:100;
y1 = [32, 32, 32, 32, 32, 32, 32, 32, 32, 32, 32, 32, 32, 32, 32, 32, 32, 32, 32, 32, 32, 32, 32, 32, 32, 32, 32, 32, 32, 32, 32, 32, 32, 32, 32, 32, 32, 32, 32, 32, 32, 32, 32, 32, 32, 32, 32, 32, 32, 32, 32, 32, 32, 32, 32, 32, 32, 32, 32, 32, 32, 32, 32, 32, 32, 32, 32, 32, 32, 32, 32, 32, 32, 32, 32, 32, 32, 32, 32, 32, 32, 32, 32, 32, 32, 32, 32, 32, 32, 32, 32, 32, 32, 32, 32, 32, 32, 32, 32, 32];
y2 = [31, 31, 31, 31, 31, 31, 31, 31, 31, 31, 31, 31, 31, 31, 31, 31, 31, 31, 31, 31, 31, 31, 31, 31, 31, 31, 31, 31, 31, 31, 31, 31, 31, 31, 31, 31, 31, 31, 31, 31, 31, 31, 31, 31, 31, 31, 31, 31, 31, 31, 31, 31, 31, 31, 31, 31, 31, 31, 31, 31, 31, 31, 31, 31, 31, 31, 31, 31, 31, 31, 31, 31, 31, 31, 31, 31, 31, 31, 31, 31, 31, 31, 31, 31, 31, 31, 31, 31, 31, 31, 31, 31, 31, 31, 31, 31, 31, 31, 31, 30];
y3 = [30, 30, 30, 30, 30, 30, 30, 29, 30, 30, 30, 30, 30, 30, 30, 30, 30, 30, 30, 30, 30, 30, 30, 30, 30, 30, 30, 30, 30, 30, 30, 30, 30, 30, 30, 30, 30, 30, 30, 30, 30, 30, 30, 30, 30, 30, 30, 30, 30, 30, 30, 30, 30, 30, 30, 30, 30, 30, 30, 30, 30, 30, 30, 30, 30, 30, 30, 30, 30, 30, 30, 29, 30, 29, 30, 29, 30, 30, 30, 30, 30, 30, 30, 30, 30, 30, 30, 30, 30, 30, 30, 30, 30, 30, 30, 30, 30, 30, 30, 31];
y4 = [29, 29, 29, 29, 29, 29, 29, 30, 28, 29, 29, 29, 29, 29, 29, 29, 29, 28, 29, 29, 29, 29, 29, 28, 29, 29, 29, 29, 29, 29, 29, 29, 29, 29, 29, 29, 29, 29, 29, 29, 29, 29, 29, 29, 29, 28, 29, 29, 29, 29, 29, 29, 29, 29, 29, 29, 29, 29, 29, 28, 29, 29, 29, 29, 29, 29, 29, 29, 29, 29, 29, 30, 29, 30, 29, 30, 29, 29, 29, 29, 29, 29, 29, 29, 29, 29, 29, 29, 29, 29, 29, 29, 29, 29, 29, 29, 29, 29, 29, 29];
y5 = [28, 28, 28, 28, 28, 28, 28, 28, 29, 27, 28, 28, 27, 28, 28, 28, 28, 29, 28, 28, 28, 28, 28, 29, 28, 26, 28, 28, 28, 28, 28, 28, 28, 28, 28, 28, 28, 28, 28, 28, 27, 28, 28, 28, 28, 29, 28, 28, 28, 27, 28, 27, 28, 28, 28, 28, 28, 28, 28, 29, 28, 28, 28, 28, 28, 28, 28, 27, 28, 28, 27, 28, 28, 28, 28, 27, 28, 28, 28, 28, 28, 28, 28, 28, 28, 28, 26, 28, 28, 28, 28, 28, 28, 28, 28, 28, 28, 28, 27, 28];
y6 = [27, 27, 27, 26, 27, 27, 27, 27, 26, 28, 26, 27, 28, 27, 27, 27, 27, 27, 27, 27, 27, 27, 27, 26, 27, 27, 25, 27, 27, 27, 27, 27, 27, 27, 27, 27, 27, 27, 27, 27, 28, 27, 27, 26, 26, 27, 27, 27, 27, 28, 27, 28, 27, 27, 27, 26, 27, 27, 26, 27, 27, 26, 26, 26, 26, 27, 27, 28, 27, 27, 28, 27, 26, 27, 27, 28, 27, 27, 27, 27, 26, 27, 27, 27, 27, 25, 27, 27, 26, 27, 27, 26, 27, 27, 27, 27, 27, 27, 28, 27];
y7 = [26, 26, 26, 27, 25, 26, 26, 26, 27, 26, 27, 26, 26, 25, 26, 25, 26, 26, 26, 26, 25, 26, 25, 27, 26, 28, 26, 26, 26, 26, 25, 26, 26, 26, 25, 26, 26, 25, 26, 25, 26, 25, 26, 27, 27, 26, 25, 26, 26, 25, 25, 26, 26, 25, 26, 27, 26, 26, 25, 26, 24, 27, 27, 27, 27, 26, 26, 26, 26, 26, 26, 26, 27, 25, 26, 26, 26, 25, 26, 25, 27, 26, 25, 26, 25, 27, 28, 26, 27, 26, 25, 27, 25, 26, 26, 26, 26, 25, 26, 26];
y8 = [24, 24, 25, 25, 26, 25, 25, 25, 25, 25, 25, 25, 25, 26, 25, 26, 24, 25, 25, 25, 26, 25, 24, 24, 25, 25, 27, 25, 25, 25, 26, 24, 25, 25, 26, 25, 25, 26, 24, 26, 24, 26, 25, 25, 25, 24, 26, 25, 24, 26, 26, 25, 25, 26, 25, 25, 25, 24, 27, 25, 26, 25, 25, 25, 25, 25, 24, 25, 25, 25, 24, 25, 25, 24, 25, 25, 25, 26, 25, 26, 25, 24, 26, 25, 26, 26, 25, 25, 23, 25, 24, 25, 26, 25, 24, 25, 25, 26, 25, 25];
y9 = [25, 25, 24, 23, 24, 23, 24, 23, 23, 24, 24, 23, 24, 23, 24, 23, 23, 24, 24, 23, 24, 24, 26, 25, 24, 24, 24, 23, 24, 24, 24, 25, 24, 24, 24, 24, 23, 24, 25, 24, 25, 24, 24, 23, 24, 25, 24, 24, 25, 24, 24, 24, 22, 24, 24, 24, 24, 25, 23, 23, 25, 24, 24, 24, 21, 24, 25, 24, 23, 24, 25, 24, 24, 26, 24, 24, 23, 24, 24, 23, 24, 25, 24, 24, 24, 24, 24, 24, 25, 24, 26, 24, 23, 23, 25, 24, 24, 24, 24, 21];
y10 = [23, 23, 23, 24, 23, 24, 23, 24, 24, 23, 23, 24, 23, 24, 23, 24, 25, 22, 23, 24, 23, 23, 22, 23, 23, 23, 22, 24, 23, 23, 22, 23, 23, 23, 23, 23, 24, 22, 23, 23, 23, 22, 22, 22, 23, 22, 23, 21, 23, 23, 21, 23, 23, 23, 23, 23, 23, 23, 24, 24, 23, 23, 23, 23, 24, 22, 22, 23, 22, 23, 23, 22, 23, 23, 23, 23, 24, 23, 22, 24, 23, 22, 23, 22, 23, 21, 23, 23, 24, 20, 23, 23, 24, 21, 23, 22, 23, 23, 23, 24];
y11 = [20, 22, 22, 22, 22, 22, 22, 21, 22, 22, 22, 21, 22, 22, 21, 21, 21, 21, 22, 21, 22, 22, 23, 22, 22, 21, 21, 22, 22, 22, 23, 22, 21, 22, 22, 19, 22, 23, 22, 22, 22, 23, 23, 21, 22, 23, 21, 23, 21, 22, 23, 22, 24, 21, 22, 22, 22, 22, 22, 22, 19, 22, 22, 22, 23, 23, 23, 21, 24, 21, 22, 23, 22, 21, 22, 21, 20, 22, 23, 22, 22, 23, 20, 23, 21, 23, 22, 22, 22, 22, 22, 22, 22, 22, 22, 23, 22, 22, 22, 22];
y12 = [21, 21, 20, 21, 20, 20, 21, 22, 20, 20, 19, 22, 20, 21, 22, 22, 20, 23, 19, 22, 20, 21, 21, 20, 21, 20, 20, 20, 20, 20, 19, 21, 22, 21, 21, 22, 21, 20, 20, 20, 21, 19, 20, 24, 18, 21, 22, 22, 22, 21, 20, 21, 19, 22, 21, 20, 20, 21, 21, 19, 22, 21, 20, 21, 22, 21, 21, 22, 21, 22, 20, 20, 20, 20, 21, 22, 18, 20, 21, 20, 21, 19, 22, 21, 22, 22, 21, 21, 21, 23, 20, 21, 20, 24, 21, 18, 21, 20, 21, 23];
y13 = [19, 19, 21, 20, 19, 21, 19, 20, 21, 18, 20, 20, 19, 20, 19, 20, 22, 20, 21, 18, 21, 20, 20, 21, 20, 22, 23, 21, 21, 21, 20, 20, 20, 19, 20, 21, 20, 21, 21, 21, 20, 21, 21, 20, 21, 20, 20, 19, 20, 18, 22, 20, 21, 19, 20, 21, 18, 20, 20, 18, 21, 20, 19, 19, 20, 19, 19, 19, 19, 19, 21, 21, 21, 22, 20, 20, 22, 21, 20, 21, 19, 21, 19, 20, 20, 18, 20, 18, 20, 21, 19, 19, 21, 20, 20, 20, 20, 21, 20, 20];
y14 = [22, 20, 19, 19, 21, 19, 20, 19, 19, 17, 21, 19, 21, 19, 20, 18, 19, 19, 17, 19, 19, 18, 18, 16, 18, 19, 17, 18, 18, 19, 21, 17, 18, 16, 19, 18, 19, 19, 19, 17, 18, 20, 15, 19, 19, 17, 17, 20, 18, 20, 17, 17, 20, 20, 19, 18, 19, 18, 19, 21, 20, 18, 21, 20, 19, 20, 20, 18, 14, 20, 18, 19, 19, 18, 16, 19, 19, 19, 18, 19, 20, 20, 18, 19, 19, 20, 19, 19, 18, 19, 21, 20, 19, 19, 17, 21, 19, 18, 19, 19];
y15 = [16, 17, 18, 18, 17, 18, 17, 18, 18, 21, 18, 18, 14, 18, 18, 17, 17, 18, 20, 20, 17, 19, 19, 19, 19, 18, 16, 19, 19, 16, 18, 18, 19, 20, 16, 20, 18, 18, 18, 18, 17, 18, 17, 18, 20, 19, 19, 18, 17, 19, 19, 18, 18, 18, 18, 19, 21, 17, 18, 20, 18, 17, 14, 18, 16, 18, 15, 20, 20, 18, 16, 18, 17, 19, 18, 16, 21, 18, 19, 18, 18, 18, 21, 15, 18, 17, 18, 13, 19, 15, 18, 15, 18, 17, 19, 17, 18, 19, 18, 18];
y16 = [17, 16, 13, 16, 18, 17, 14, 16, 13, 19, 16, 17, 18, 17, 17, 19, 18, 15, 18, 15, 13, 15, 17, 18, 16, 16, 19, 17, 17, 18, 17, 19, 15, 17, 18, 15, 17, 17, 17, 19, 15, 17, 19, 17, 17, 18, 18, 17, 19, 16, 18, 14, 14, 17, 15, 16, 17, 19, 17, 15, 16, 19, 17, 16, 17, 14, 18, 17, 16, 16, 19, 14, 18, 17, 19, 17, 17, 17, 16, 17, 14, 17, 17, 17, 17, 16, 16, 20, 17, 17, 17, 18, 16, 13, 11, 19, 17, 17, 16, 12];
y17 = [18, 18, 15, 17, 16, 16, 18, 17, 15, 15, 13, 15, 17, 16, 15, 16, 15, 13, 16, 16, 18, 16, 15, 15, 17, 17, 18, 16, 16, 13, 14, 16, 16, 18, 15, 16, 16, 14, 14, 16, 19, 16, 16, 16, 16, 15, 15, 15, 14, 17, 15, 19, 15, 15, 16, 17, 15, 16, 10, 17, 14, 15, 15, 17, 18, 16, 14, 14, 18, 14, 14, 16, 15, 16, 17, 15, 15, 15, 17, 16, 17, 15, 16, 18, 15, 19, 17, 16, 16, 18, 16, 17, 13, 16, 18, 15, 14, 15, 17, 16];
y18 = [15, 11, 16, 14, 14, 14, 15, 14, 16, 11, 15, 16, 13, 15, 16, 15, 12, 17, 15, 17, 15, 17, 13, 17, 14, 13, 15, 14, 15, 17, 16, 15, 17, 14, 17, 17, 13, 16, 16, 15, 16, 14, 18, 15, 14, 16, 14, 16, 16, 15, 14, 16, 16, 16, 17, 15, 16, 12, 16, 16, 17, 12, 13, 15, 15, 17, 16, 15, 15, 15, 17, 15, 14, 15, 15, 18, 14, 10, 14, 15, 16, 16, 13, 14, 16, 13, 13, 15, 12, 14, 15, 14, 17, 15, 15, 16, 15, 16, 14, 17];
y19 = [13, 15, 17, 15, 13, 13, 13, 15, 17, 16, 17, 13, 15, 14, 12, 14, 14, 16, 14, 14, 14, 14, 12, 13, 15, 14, 14, 10, 12, 14, 11, 11, 13, 6, 13, 10, 14, 15, 11, 14, 14, 15, 13, 13, 13, 12, 16, 13, 12, 12, 16, 13, 13, 13, 14, 13, 14, 14, 15, 13, 12, 14, 18, 14, 12, 13, 13, 16, 17, 11, 11, 13, 16, 13, 12, 11, 13, 16, 12, 13, 12, 13, 12, 16, 13, 15, 14, 12, 15, 12, 13, 12, 14, 18, 13, 14, 12, 14, 15, 14];
